380	0.007	0.0104	0.0134
385	0.572	0.817	0.489
390	0.373	0.547	0.456
395	0.292	0.417	0.333
400	0.297	0.424	0.416
405	0.375	0.571	1
410	0.43	0.794	2.04
415	0.455	0.874	2.5
420	0.455	0.884	2.71
425	0.474	0.989	4.44
430	0.529	1.24	4.92
435	0.539	1.33	5.62
440	0.527	1.32	5.73
445	0.544	1.39	5.98
450	0.6	1.59	6.75
455	0.574	1.63	7.18
460	0.546	1.65	7.34
465	0.652	1.91	7.62
470	0.951	2.58	8.19
475	1.23	3.43	8.46
480	1.54	4.54	8.47
485	1.98	6.09	8.43
490	2.6	8.12	8.31
495	3.43	10.7	8.05
500	4.33	13.9	7.67
505	5.15	17.6	7.21
510	5.85	21.5	6.65
515	6.4	25.2	5.98
520	6.85	28.7	5.45
525	7.27	31.7	5.26
530	7.59	33.5	5.25
535	7.78	33.3	5.28
540	7.94	32.4	5.34
545	8.17	32.2	5.46
550	8.37	32.2	5.54
555	8.41	31.7	5.46
560	8.25	30.6	5.29
565	7.92	28.6	5.11
570	7.68	26.3	4.95
575	7.8	24.4	4.85
580	8.42	22.7	4.95
585	9.73	21.3	5.34
590	12.1	19.7	6.04
595	15.6	17.7	6.94
600	19.2	15.6	7.73
605	21.8	13.6	8.12
610	24.3	12.1	8.22
615	27.5	11.1	8.2
620	30.1	10.5	8.14
625	30.7	10	8.07
630	29.6	9.43	7.81
635	27.6	8.55	7.2
640	24.8	7.93	6.29
645	21	5.98	5.15
650	16.3	4.23	3.65
655	10.9	2.32	1.86
660	8.36	1.43	1.04
665	7.5	1.22	0.879
670	5.91	1	0.742
675	2.27	0.317	0.206
680	0.816	0.049	0
685	0.989	0.109	0.05
690	1.33	0.219	0.145
695	0.843	0.179	0.132
700	0.74	0.168	0.129
705	0.803	0.208	0.165
710	0.646	0.275	0.234
715	0.571	0.308	0.274
720	0.55	0.307	0.282
725	0.482	0.284	0.265
730	0.315	0.251	0.231
735	0.24	0.231	0.206
740	0.24	0.22	0.193
745	0.259	0.214	0.191
750	0.255	0.209	0.22
755	0.252	0.219	0.205
760	0.267	0.246	0.223
765	0.311	0.29	0.27
770	0.385	0.359	0.346
775	0.497	0.468	0.458
780	0.633	0.611	0.589